200
99999   0     216109
99999   0     216109
99999   0     216109
99999   0     216109
99999   0     216109
99999   0     216109
99999   0     216109
99999   0     216109
99999   0     216109
99999   0     216109
99999   0     216109
99999   0     216109
99999   0     216109
99999   0     216109
99999   0     216109
99999   0     216109
99999   0     216109
99999   0     216109
99999   0     216109
99999   0     216109
99999   0     216109
99999   0     216109
99999   0     216109
99999   0     216109
99999   0     216109
99999   0     216109
99999   0     216109
99999   0     216109
99999   0     216109
99999   0     216109
99999   0     216109
99999   0     216109
99999   0     216109
99999   0     216109
99999   0     216109
99999   0     216109
99999   0     216109
99999   0     216109
99999   0     216109
99999   0     216109
99999   0     216109
99999   0     216109
99999   0     216109
99999   0     216109
99999   0     216109
99999   0     216109
99999   0     216109
99999   0     216109
99999   0     216109
99999   0     216109
99999   0     216109
99999   0     216109
99999   0     216109
99999   0     216109
99999   0     216109
99999   0     216109
99999   0     216109
99999   0     216109
99999   0     216109
99999   0     216109
99999   0     216109
99999   0     216109
99999   0     216109
99999   0     216109
99999   0     216109
99999   0     216109
99999   0     216109
99999   0     216109
99999   0     216109
99999   0     216109
99999   0     216109
99999   0     216109
99999   0     216109
99999   0     216109
99999   0     216109
99999   0     216109
99999   0     216109
99999   0     216109
99999   0     216109
99999   0     216109
99999   0     178976
99999   0     178976
99999   0     178976
99999   0     178976
99999   0     178976
99999   0     178976
99999   0     178976
99999   0     178976
99999   0     178976
99999   0     178976
99999   0     178976
99999   0     178976
99999   0     178976
99999   0     178976
99999   0     178976
99999   0     178976
99999   0     178976
99999   0     178976
99999   0     178976
99999   0     178976
99999   0     178976
99999   0     178976
99999   0     178976
99999   0     178976
99999   0     178976
99999   0     178976
99999   0     178976
99999   0     178976
99999   0     178976
99999   0     178976
99999   0     178976
99999   0     178976
99999   0     178976
99999   0     178976
99999   0     178976
99999   0     178976
99999   0     178976
99999   0     178976
99999   0     178976
99999   0     178976
99999   0     178976
99999   0     178976
99999   0     178976
99999   0     178976
99999   0     178976
99999   0     178976
99999   0     178976
99999   0     178976
99999   0     178976
99999   0     178976
99999   0     178976
99999   0     178976
99999   0     178976
99999   0     178976
99999   0     178976
99999   0     178976
99999   0     178976
99999   0     178976
99999   0     178976
99999   0     178976
99999   0     178976
99999   0     178976
99999   0     178976
99999   0     178976
99999   0     178976
99999   0     178976
99999   0     178976
99999   0     178976
99999   0     178976
99999   0     178976
99999   0     178976
99999   0     178976
99999   0     178976
99999   0     178976
99999   0     178976
99999   0     178976
99999   0     178976
99999   0     178976
99999   0     178976
99999   0     178976
99999   0     162608
99999   0     162608
99999   0     162608
99999   0     162608
99999   0     162608
99999   0     162608
99999   0     162608
99999   0     162608
99999   0     162608
99999   0     162608
99999   0     162608
99999   0     162608
99999   0     162608
99999   0     162608
99999   0     162608
99999   0     162608
99999   0     162608
99999   0     162608
99999   0     162608
99999   0     162608
99999   0     162608
99999   0     162608
99999   0     162608
99999   0     162608
99999   0     162608
99999   0     162608
99999   0     162608
99999   0     162608
99999   0     162608
99999   0     162608
99999   0     162608
99999   0     162608
99999   0     162608
99999   0     162608
99999   0     162608
99999   0     162608
99999   0     162608
99999   0     162608
99999   0     162608
99999   0     162608
