200
99999   0     294346
99999   0     294346
99999   0     294346
99999   0     294346
99999   0     294346
99999   0     294346
99999   0     294346
99999   0     294346
99999   0     294346
99999   0     294346
99999   0     294346
99999   0     294346
99999   0     294346
99999   0     294346
99999   0     294346
99999   0     294346
99999   0     294346
99999   0     294346
99999   0     294346
99999   0     294346
99999   0     294346
99999   0     294346
99999   0     294346
99999   0     294346
99999   0     294346
99999   0     294346
99999   0     294346
99999   0     294346
99999   0     294346
99999   0     294346
99999   0     294346
99999   0     294346
99999   0     294346
99999   0     294346
99999   0     294346
99999   0     294346
99999   0     294346
99999   0     294346
99999   0     294346
99999   0     294346
99999   0     294346
99999   0     294346
99999   0     294346
99999   0     294346
99999   0     294346
99999   0     294346
99999   0     294346
99999   0     294346
99999   0     294346
99999   0     294346
99999   0     294346
99999   0     294346
99999   0     294346
99999   0     294346
99999   0     294346
99999   0     294346
99999   0     294346
99999   0     294346
99999   0     294346
99999   0     294346
99999   0     294346
99999   0     294346
99999   0     294346
99999   0     294346
99999   0     294346
99999   0     294346
99999   0     294346
99999   0     294346
99999   0     294346
99999   0     294346
99999   0     294346
99999   0     294346
99999   0     294346
99999   0     294346
99999   0     294346
99999   0     294346
99999   0     294346
99999   0     294346
99999   0     294346
99999   0     294346
99999   0     265383
99999   0     265383
99999   0     265383
99999   0     265383
99999   0     265383
99999   0     265383
99999   0     265383
99999   0     265383
99999   0     265383
99999   0     265383
99999   0     265383
99999   0     265383
99999   0     265383
99999   0     265383
99999   0     265383
99999   0     265383
99999   0     265383
99999   0     265383
99999   0     265383
99999   0     265383
99999   0     265383
99999   0     265383
99999   0     265383
99999   0     265383
99999   0     265383
99999   0     265383
99999   0     265383
99999   0     265383
99999   0     265383
99999   0     265383
99999   0     265383
99999   0     265383
99999   0     265383
99999   0     265383
99999   0     265383
99999   0     265383
99999   0     265383
99999   0     265383
99999   0     265383
99999   0     265383
99999   0     265383
99999   0     265383
99999   0     265383
99999   0     265383
99999   0     265383
99999   0     265383
99999   0     265383
99999   0     265383
99999   0     265383
99999   0     265383
99999   0     265383
99999   0     265383
99999   0     265383
99999   0     265383
99999   0     265383
99999   0     265383
99999   0     265383
99999   0     265383
99999   0     265383
99999   0     265383
99999   0     265383
99999   0     265383
99999   0     265383
99999   0     265383
99999   0     265383
99999   0     265383
99999   0     265383
99999   0     265383
99999   0     265383
99999   0     265383
99999   0     265383
99999   0     265383
99999   0     265383
99999   0     265383
99999   0     265383
99999   0     265383
99999   0     265383
99999   0     265383
99999   0     265383
99999   0     265383
99999   0     272134
99999   0     272134
99999   0     272134
99999   0     272134
99999   0     272134
99999   0     272134
99999   0     272134
99999   0     272134
99999   0     272134
99999   0     272134
99999   0     272134
99999   0     272134
99999   0     272134
99999   0     272134
99999   0     272134
99999   0     272134
99999   0     272134
99999   0     272134
99999   0     272134
99999   0     272134
99999   0     272134
99999   0     272134
99999   0     272134
99999   0     272134
99999   0     272134
99999   0     272134
99999   0     272134
99999   0     272134
99999   0     272134
99999   0     272134
99999   0     272134
99999   0     272134
99999   0     272134
99999   0     272134
99999   0     272134
99999   0     272134
99999   0     272134
99999   0     272134
99999   0     272134
99999   0     272134
