200
99999   0     22725
99999   0     22725
99999   0     22725
99999   0     22725
99999   0     22725
99999   0     22725
99999   0     22725
99999   0     22725
99999   0     22725
99999   0     22725
99999   0     22725
99999   0     22725
99999   0     22725
99999   0     22725
99999   0     22725
99999   0     22725
99999   0     22725
99999   0     22725
99999   0     22725
99999   0     22725
99999   0     22725
99999   0     22725
99999   0     22725
99999   0     22725
99999   0     22725
99999   0     22725
99999   0     22725
99999   0     22725
99999   0     22725
99999   0     22725
99999   0     22725
99999   0     22725
99999   0     22725
99999   0     22725
99999   0     22725
99999   0     22725
99999   0     22725
99999   0     22725
99999   0     22725
99999   0     22725
99999   0     22725
99999   0     22725
99999   0     22725
99999   0     22725
99999   0     22725
99999   0     22725
99999   0     22725
99999   0     22725
99999   0     22725
99999   0     22725
99999   0     22725
99999   0     22725
99999   0     22725
99999   0     22725
99999   0     22725
99999   0     22725
99999   0     22725
99999   0     22725
99999   0     22725
99999   0     22725
99999   0     22725
99999   0     22725
99999   0     22725
99999   0     22725
99999   0     22725
99999   0     22725
99999   0     22725
99999   0     22725
99999   0     22725
99999   0     22725
99999   0     22725
99999   0     22725
99999   0     22725
99999   0     22725
99999   0     22725
99999   0     22725
99999   0     22725
99999   0     22725
99999   0     22725
99999   0     22725
99999   0     19447
99999   0     19447
99999   0     19447
99999   0     19447
99999   0     19447
99999   0     19447
99999   0     19447
99999   0     19447
99999   0     19447
99999   0     19447
99999   0     19447
99999   0     19447
99999   0     19447
99999   0     19447
99999   0     19447
99999   0     19447
99999   0     19447
99999   0     19447
99999   0     19447
99999   0     19447
99999   0     19447
99999   0     19447
99999   0     19447
99999   0     19447
99999   0     19447
99999   0     19447
99999   0     19447
99999   0     19447
99999   0     19447
99999   0     19447
99999   0     19447
99999   0     19447
99999   0     19447
99999   0     19447
99999   0     19447
99999   0     19447
99999   0     19447
99999   0     19447
99999   0     19447
99999   0     19447
99999   0     19447
99999   0     19447
99999   0     19447
99999   0     19447
99999   0     19447
99999   0     19447
99999   0     19447
99999   0     19447
99999   0     19447
99999   0     19447
99999   0     19447
99999   0     19447
99999   0     19447
99999   0     19447
99999   0     19447
99999   0     19447
99999   0     19447
99999   0     19447
99999   0     19447
99999   0     19447
99999   0     19447
99999   0     19447
99999   0     19447
99999   0     19447
99999   0     19447
99999   0     19447
99999   0     19447
99999   0     19447
99999   0     19447
99999   0     19447
99999   0     19447
99999   0     19447
99999   0     19447
99999   0     19447
99999   0     19447
99999   0     19447
99999   0     19447
99999   0     19447
99999   0     19447
99999   0     19447
99999   0     17482
99999   0     17482
99999   0     17482
99999   0     17482
99999   0     17482
99999   0     17482
99999   0     17482
99999   0     17482
99999   0     17482
99999   0     17482
99999   0     17482
99999   0     17482
99999   0     17482
99999   0     17482
99999   0     17482
99999   0     17482
99999   0     17482
99999   0     17482
99999   0     17482
99999   0     17482
99999   0     17482
99999   0     17482
99999   0     17482
99999   0     17482
99999   0     17482
99999   0     17482
99999   0     17482
99999   0     17482
99999   0     17482
99999   0     17482
99999   0     17482
99999   0     17482
99999   0     17482
99999   0     17482
99999   0     17482
99999   0     17482
99999   0     17482
99999   0     17482
99999   0     17482
99999   0     17482
