200
99999   0     56285
99999   0     56285
99999   0     56285
99999   0     56285
99999   0     56285
99999   0     56285
99999   0     56285
99999   0     56285
99999   0     56285
99999   0     56285
99999   0     56285
99999   0     56285
99999   0     56285
99999   0     56285
99999   0     56285
99999   0     56285
99999   0     56285
99999   0     56285
99999   0     56285
99999   0     56285
99999   0     56285
99999   0     56285
99999   0     56285
99999   0     56285
99999   0     56285
99999   0     56285
99999   0     56285
99999   0     56285
99999   0     56285
99999   0     56285
99999   0     56285
99999   0     56285
99999   0     56285
99999   0     56285
99999   0     56285
99999   0     56285
99999   0     56285
99999   0     56285
99999   0     56285
99999   0     56285
99999   0     56285
99999   0     56285
99999   0     56285
99999   0     56285
99999   0     56285
99999   0     56285
99999   0     56285
99999   0     56285
99999   0     56285
99999   0     56285
99999   0     56285
99999   0     56285
99999   0     56285
99999   0     56285
99999   0     56285
99999   0     56285
99999   0     56285
99999   0     56285
99999   0     56285
99999   0     56285
99999   0     56285
99999   0     56285
99999   0     56285
99999   0     56285
99999   0     56285
99999   0     56285
99999   0     56285
99999   0     56285
99999   0     56285
99999   0     56285
99999   0     56285
99999   0     56285
99999   0     56285
99999   0     56285
99999   0     56285
99999   0     56285
99999   0     56285
99999   0     56285
99999   0     56285
99999   0     56285
99999   0     49858
99999   0     49858
99999   0     49858
99999   0     49858
99999   0     49858
99999   0     49858
99999   0     49858
99999   0     49858
99999   0     49858
99999   0     49858
99999   0     49858
99999   0     49858
99999   0     49858
99999   0     49858
99999   0     49858
99999   0     49858
99999   0     49858
99999   0     49858
99999   0     49858
99999   0     49858
99999   0     49858
99999   0     49858
99999   0     49858
99999   0     49858
99999   0     49858
99999   0     49858
99999   0     49858
99999   0     49858
99999   0     49858
99999   0     49858
99999   0     49858
99999   0     49858
99999   0     49858
99999   0     49858
99999   0     49858
99999   0     49858
99999   0     49858
99999   0     49858
99999   0     49858
99999   0     49858
99999   0     49858
99999   0     49858
99999   0     49858
99999   0     49858
99999   0     49858
99999   0     49858
99999   0     49858
99999   0     49858
99999   0     49858
99999   0     49858
99999   0     49858
99999   0     49858
99999   0     49858
99999   0     49858
99999   0     49858
99999   0     49858
99999   0     49858
99999   0     49858
99999   0     49858
99999   0     49858
99999   0     49858
99999   0     49858
99999   0     49858
99999   0     49858
99999   0     49858
99999   0     49858
99999   0     49858
99999   0     49858
99999   0     49858
99999   0     49858
99999   0     49858
99999   0     49858
99999   0     49858
99999   0     49858
99999   0     49858
99999   0     49858
99999   0     49858
99999   0     49858
99999   0     49858
99999   0     49858
99999   0     43851
99999   0     43851
99999   0     43851
99999   0     43851
99999   0     43851
99999   0     43851
99999   0     43851
99999   0     43851
99999   0     43851
99999   0     43851
99999   0     43851
99999   0     43851
99999   0     43851
99999   0     43851
99999   0     43851
99999   0     43851
99999   0     43851
99999   0     43851
99999   0     43851
99999   0     43851
99999   0     43851
99999   0     43851
99999   0     43851
99999   0     43851
99999   0     43851
99999   0     43851
99999   0     43851
99999   0     43851
99999   0     43851
99999   0     43851
99999   0     43851
99999   0     43851
99999   0     43851
99999   0     43851
99999   0     43851
99999   0     43851
99999   0     43851
99999   0     43851
99999   0     43851
99999   0     43851
