200
99999   0     83535
99999   0     83535
99999   0     83535
99999   0     83535
99999   0     83535
99999   0     83535
99999   0     83535
99999   0     83535
99999   0     83535
99999   0     83535
99999   0     83535
99999   0     83535
99999   0     83535
99999   0     83535
99999   0     83535
99999   0     83535
99999   0     83535
99999   0     83535
99999   0     83535
99999   0     83535
99999   0     83535
99999   0     83535
99999   0     83535
99999   0     83535
99999   0     83535
99999   0     83535
99999   0     83535
99999   0     83535
99999   0     83535
99999   0     83535
99999   0     83535
99999   0     83535
99999   0     83535
99999   0     83535
99999   0     83535
99999   0     83535
99999   0     83535
99999   0     83535
99999   0     83535
99999   0     83535
99999   0     83535
99999   0     83535
99999   0     83535
99999   0     83535
99999   0     83535
99999   0     83535
99999   0     83535
99999   0     83535
99999   0     83535
99999   0     83535
99999   0     83535
99999   0     83535
99999   0     83535
99999   0     83535
99999   0     83535
99999   0     83535
99999   0     83535
99999   0     83535
99999   0     83535
99999   0     83535
99999   0     83535
99999   0     83535
99999   0     83535
99999   0     83535
99999   0     83535
99999   0     83535
99999   0     83535
99999   0     83535
99999   0     83535
99999   0     83535
99999   0     83535
99999   0     83535
99999   0     83535
99999   0     83535
99999   0     83535
99999   0     83535
99999   0     83535
99999   0     83535
99999   0     83535
99999   0     83535
99999   0     76385
99999   0     76385
99999   0     76385
99999   0     76385
99999   0     76385
99999   0     76385
99999   0     76385
99999   0     76385
99999   0     76385
99999   0     76385
99999   0     76385
99999   0     76385
99999   0     76385
99999   0     76385
99999   0     76385
99999   0     76385
99999   0     76385
99999   0     76385
99999   0     76385
99999   0     76385
99999   0     76385
99999   0     76385
99999   0     76385
99999   0     76385
99999   0     76385
99999   0     76385
99999   0     76385
99999   0     76385
99999   0     76385
99999   0     76385
99999   0     76385
99999   0     76385
99999   0     76385
99999   0     76385
99999   0     76385
99999   0     76385
99999   0     76385
99999   0     76385
99999   0     76385
99999   0     76385
99999   0     76385
99999   0     76385
99999   0     76385
99999   0     76385
99999   0     76385
99999   0     76385
99999   0     76385
99999   0     76385
99999   0     76385
99999   0     76385
99999   0     76385
99999   0     76385
99999   0     76385
99999   0     76385
99999   0     76385
99999   0     76385
99999   0     76385
99999   0     76385
99999   0     76385
99999   0     76385
99999   0     76385
99999   0     76385
99999   0     76385
99999   0     76385
99999   0     76385
99999   0     76385
99999   0     76385
99999   0     76385
99999   0     76385
99999   0     76385
99999   0     76385
99999   0     76385
99999   0     76385
99999   0     76385
99999   0     76385
99999   0     76385
99999   0     76385
99999   0     76385
99999   0     76385
99999   0     76385
99999   0     71381
99999   0     71381
99999   0     71381
99999   0     71381
99999   0     71381
99999   0     71381
99999   0     71381
99999   0     71381
99999   0     71381
99999   0     71381
99999   0     71381
99999   0     71381
99999   0     71381
99999   0     71381
99999   0     71381
99999   0     71381
99999   0     71381
99999   0     71381
99999   0     71381
99999   0     71381
99999   0     71381
99999   0     71381
99999   0     71381
99999   0     71381
99999   0     71381
99999   0     71381
99999   0     71381
99999   0     71381
99999   0     71381
99999   0     71381
99999   0     71381
99999   0     71381
99999   0     71381
99999   0     71381
99999   0     71381
99999   0     71381
99999   0     71381
99999   0     71381
99999   0     71381
99999   0     71381
