200
99999   0     129263
99999   0     129263
99999   0     129263
99999   0     129263
99999   0     129263
99999   0     129263
99999   0     129263
99999   0     129263
99999   0     129263
99999   0     129263
99999   0     129263
99999   0     129263
99999   0     129263
99999   0     129263
99999   0     129263
99999   0     129263
99999   0     129263
99999   0     129263
99999   0     129263
99999   0     129263
99999   0     129263
99999   0     129263
99999   0     129263
99999   0     129263
99999   0     129263
99999   0     129263
99999   0     129263
99999   0     129263
99999   0     129263
99999   0     129263
99999   0     129263
99999   0     129263
99999   0     129263
99999   0     129263
99999   0     129263
99999   0     129263
99999   0     129263
99999   0     129263
99999   0     129263
99999   0     129263
99999   0     129263
99999   0     129263
99999   0     129263
99999   0     129263
99999   0     129263
99999   0     129263
99999   0     129263
99999   0     129263
99999   0     129263
99999   0     129263
99999   0     129263
99999   0     129263
99999   0     129263
99999   0     129263
99999   0     129263
99999   0     129263
99999   0     129263
99999   0     129263
99999   0     129263
99999   0     129263
99999   0     129263
99999   0     129263
99999   0     129263
99999   0     129263
99999   0     129263
99999   0     129263
99999   0     129263
99999   0     129263
99999   0     129263
99999   0     129263
99999   0     129263
99999   0     129263
99999   0     129263
99999   0     129263
99999   0     129263
99999   0     129263
99999   0     129263
99999   0     129263
99999   0     129263
99999   0     129263
99999   0     119710
99999   0     119710
99999   0     119710
99999   0     119710
99999   0     119710
99999   0     119710
99999   0     119710
99999   0     119710
99999   0     119710
99999   0     119710
99999   0     119710
99999   0     119710
99999   0     119710
99999   0     119710
99999   0     119710
99999   0     119710
99999   0     119710
99999   0     119710
99999   0     119710
99999   0     119710
99999   0     119710
99999   0     119710
99999   0     119710
99999   0     119710
99999   0     119710
99999   0     119710
99999   0     119710
99999   0     119710
99999   0     119710
99999   0     119710
99999   0     119710
99999   0     119710
99999   0     119710
99999   0     119710
99999   0     119710
99999   0     119710
99999   0     119710
99999   0     119710
99999   0     119710
99999   0     119710
99999   0     119710
99999   0     119710
99999   0     119710
99999   0     119710
99999   0     119710
99999   0     119710
99999   0     119710
99999   0     119710
99999   0     119710
99999   0     119710
99999   0     119710
99999   0     119710
99999   0     119710
99999   0     119710
99999   0     119710
99999   0     119710
99999   0     119710
99999   0     119710
99999   0     119710
99999   0     119710
99999   0     119710
99999   0     119710
99999   0     119710
99999   0     119710
99999   0     119710
99999   0     119710
99999   0     119710
99999   0     119710
99999   0     119710
99999   0     119710
99999   0     119710
99999   0     119710
99999   0     119710
99999   0     119710
99999   0     119710
99999   0     119710
99999   0     119710
99999   0     119710
99999   0     119710
99999   0     119710
99999   0     109721
99999   0     109721
99999   0     109721
99999   0     109721
99999   0     109721
99999   0     109721
99999   0     109721
99999   0     109721
99999   0     109721
99999   0     109721
99999   0     109721
99999   0     109721
99999   0     109721
99999   0     109721
99999   0     109721
99999   0     109721
99999   0     109721
99999   0     109721
99999   0     109721
99999   0     109721
99999   0     109721
99999   0     109721
99999   0     109721
99999   0     109721
99999   0     109721
99999   0     109721
99999   0     109721
99999   0     109721
99999   0     109721
99999   0     109721
99999   0     109721
99999   0     109721
99999   0     109721
99999   0     109721
99999   0     109721
99999   0     109721
99999   0     109721
99999   0     109721
99999   0     109721
99999   0     109721
