200
200    0     216109
200    1     216109
200    0     216109
200    1     216109
200    0     216109
200    1     216109
200    0     216109
200    1     216109
200    0     216109
200    1     216109
200    0     216109
200    1     216109
200    0     216109
200    1     216109
200    0     216109
200    1     216109
200    0     216109
200    1     216109
200    0     216109
200    1     216109
200    0     216109
200    1     216109
200    0     216109
200    1     216109
200    0     216109
200    1     216109
200    0     216109
200    1     216109
200    0     216109
200    1     216109
200    0     216109
200    1     216109
200    0     216109
200    1     216109
200    0     216109
200    1     216109
200    0     216109
200    1     216109
200    0     216109
200    1     216109
200    0     216109
200    1     216109
200    0     216109
200    1     216109
200    0     216109
200    1     216109
200    0     216109
200    1     216109
200    0     216109
200    1     216109
200    0     216109
200    1     216109
200    0     216109
200    1     216109
200    0     216109
200    1     216109
200    0     216109
200    1     216109
200    0     216109
200    1     216109
200    0     216109
200    1     216109
200    0     216109
200    1     216109
200    0     216109
200    1     216109
200    0     216109
200    1     216109
200    0     216109
200    1     216109
200    0     216109
200    1     216109
200    0     216109
200    1     216109
200    0     216109
200    1     216109
200    0     216109
200    1     216109
200    0     216109
200    1     216109
200    0     178976
200    1     178976
200    0     178976
200    1     178976
200    0     178976
200    1     178976
200    0     178976
200    1     178976
200    0     178976
200    1     178976
200    0     178976
200    1     178976
200    0     178976
200    1     178976
200    0     178976
200    1     178976
200    0     178976
200    1     178976
200    0     178976
200    1     178976
200    0     178976
200    1     178976
200    0     178976
200    1     178976
200    0     178976
200    1     178976
200    0     178976
200    1     178976
200    0     178976
200    1     178976
200    0     178976
200    1     178976
200    0     178976
200    1     178976
200    0     178976
200    1     178976
200    0     178976
200    1     178976
200    0     178976
200    1     178976
200    0     178976
200    1     178976
200    0     178976
200    1     178976
200    0     178976
200    1     178976
200    0     178976
200    1     178976
200    0     178976
200    1     178976
200    0     178976
200    1     178976
200    0     178976
200    1     178976
200    0     178976
200    1     178976
200    0     178976
200    1     178976
200    0     178976
200    1     178976
200    0     178976
200    1     178976
200    0     178976
200    1     178976
200    0     178976
200    1     178976
200    0     178976
200    1     178976
200    0     178976
200    1     178976
200    0     178976
200    1     178976
200    0     178976
200    1     178976
200    0     178976
200    1     178976
200    0     178976
200    1     178976
200    0     178976
200    1     178976
200    0     162608
200    1     162608
200    0     162608
200    1     162608
200    0     162608
200    1     162608
200    0     162608
200    1     162608
200    0     162608
200    1     162608
200    0     162608
200    1     162608
200    0     162608
200    1     162608
200    0     162608
200    1     162608
200    0     162608
200    1     162608
200    0     162608
200    1     162608
200    0     162608
200    1     162608
200    0     162608
200    1     162608
200    0     162608
200    1     162608
200    0     162608
200    1     162608
200    0     162608
200    1     162608
200    0     162608
200    1     162608
200    0     162608
200    1     162608
200    0     162608
200    1     162608
200    0     162608
200    1     162608
200    0     162608
200    1     162608
