200
200    0     294346
200    1     294346
200    0     294346
200    1     294346
200    0     294346
200    1     294346
200    0     294346
200    1     294346
200    0     294346
200    1     294346
200    0     294346
200    1     294346
200    0     294346
200    1     294346
200    0     294346
200    1     294346
200    0     294346
200    1     294346
200    0     294346
200    1     294346
200    0     294346
200    1     294346
200    0     294346
200    1     294346
200    0     294346
200    1     294346
200    0     294346
200    1     294346
200    0     294346
200    1     294346
200    0     294346
200    1     294346
200    0     294346
200    1     294346
200    0     294346
200    1     294346
200    0     294346
200    1     294346
200    0     294346
200    1     294346
200    0     294346
200    1     294346
200    0     294346
200    1     294346
200    0     294346
200    1     294346
200    0     294346
200    1     294346
200    0     294346
200    1     294346
200    0     294346
200    1     294346
200    0     294346
200    1     294346
200    0     294346
200    1     294346
200    0     294346
200    1     294346
200    0     294346
200    1     294346
200    0     294346
200    1     294346
200    0     294346
200    1     294346
200    0     294346
200    1     294346
200    0     294346
200    1     294346
200    0     294346
200    1     294346
200    0     294346
200    1     294346
200    0     294346
200    1     294346
200    0     294346
200    1     294346
200    0     294346
200    1     294346
200    0     294346
200    1     294346
200    0     265383
200    1     265383
200    0     265383
200    1     265383
200    0     265383
200    1     265383
200    0     265383
200    1     265383
200    0     265383
200    1     265383
200    0     265383
200    1     265383
200    0     265383
200    1     265383
200    0     265383
200    1     265383
200    0     265383
200    1     265383
200    0     265383
200    1     265383
200    0     265383
200    1     265383
200    0     265383
200    1     265383
200    0     265383
200    1     265383
200    0     265383
200    1     265383
200    0     265383
200    1     265383
200    0     265383
200    1     265383
200    0     265383
200    1     265383
200    0     265383
200    1     265383
200    0     265383
200    1     265383
200    0     265383
200    1     265383
200    0     265383
200    1     265383
200    0     265383
200    1     265383
200    0     265383
200    1     265383
200    0     265383
200    1     265383
200    0     265383
200    1     265383
200    0     265383
200    1     265383
200    0     265383
200    1     265383
200    0     265383
200    1     265383
200    0     265383
200    1     265383
200    0     265383
200    1     265383
200    0     265383
200    1     265383
200    0     265383
200    1     265383
200    0     265383
200    1     265383
200    0     265383
200    1     265383
200    0     265383
200    1     265383
200    0     265383
200    1     265383
200    0     265383
200    1     265383
200    0     265383
200    1     265383
200    0     265383
200    1     265383
200    0     265383
200    1     265383
200    0     272134
200    1     272134
200    0     272134
200    1     272134
200    0     272134
200    1     272134
200    0     272134
200    1     272134
200    0     272134
200    1     272134
200    0     272134
200    1     272134
200    0     272134
200    1     272134
200    0     272134
200    1     272134
200    0     272134
200    1     272134
200    0     272134
200    1     272134
200    0     272134
200    1     272134
200    0     272134
200    1     272134
200    0     272134
200    1     272134
200    0     272134
200    1     272134
200    0     272134
200    1     272134
200    0     272134
200    1     272134
200    0     272134
200    1     272134
200    0     272134
200    1     272134
200    0     272134
200    1     272134
200    0     272134
200    1     272134
