200
200    0     22725
200    1     22725
200    0     22725
200    1     22725
200    0     22725
200    1     22725
200    0     22725
200    1     22725
200    0     22725
200    1     22725
200    0     22725
200    1     22725
200    0     22725
200    1     22725
200    0     22725
200    1     22725
200    0     22725
200    1     22725
200    0     22725
200    1     22725
200    0     22725
200    1     22725
200    0     22725
200    1     22725
200    0     22725
200    1     22725
200    0     22725
200    1     22725
200    0     22725
200    1     22725
200    0     22725
200    1     22725
200    0     22725
200    1     22725
200    0     22725
200    1     22725
200    0     22725
200    1     22725
200    0     22725
200    1     22725
200    0     22725
200    1     22725
200    0     22725
200    1     22725
200    0     22725
200    1     22725
200    0     22725
200    1     22725
200    0     22725
200    1     22725
200    0     22725
200    1     22725
200    0     22725
200    1     22725
200    0     22725
200    1     22725
200    0     22725
200    1     22725
200    0     22725
200    1     22725
200    0     22725
200    1     22725
200    0     22725
200    1     22725
200    0     22725
200    1     22725
200    0     22725
200    1     22725
200    0     22725
200    1     22725
200    0     22725
200    1     22725
200    0     22725
200    1     22725
200    0     22725
200    1     22725
200    0     22725
200    1     22725
200    0     22725
200    1     22725
200    0     19447
200    1     19447
200    0     19447
200    1     19447
200    0     19447
200    1     19447
200    0     19447
200    1     19447
200    0     19447
200    1     19447
200    0     19447
200    1     19447
200    0     19447
200    1     19447
200    0     19447
200    1     19447
200    0     19447
200    1     19447
200    0     19447
200    1     19447
200    0     19447
200    1     19447
200    0     19447
200    1     19447
200    0     19447
200    1     19447
200    0     19447
200    1     19447
200    0     19447
200    1     19447
200    0     19447
200    1     19447
200    0     19447
200    1     19447
200    0     19447
200    1     19447
200    0     19447
200    1     19447
200    0     19447
200    1     19447
200    0     19447
200    1     19447
200    0     19447
200    1     19447
200    0     19447
200    1     19447
200    0     19447
200    1     19447
200    0     19447
200    1     19447
200    0     19447
200    1     19447
200    0     19447
200    1     19447
200    0     19447
200    1     19447
200    0     19447
200    1     19447
200    0     19447
200    1     19447
200    0     19447
200    1     19447
200    0     19447
200    1     19447
200    0     19447
200    1     19447
200    0     19447
200    1     19447
200    0     19447
200    1     19447
200    0     19447
200    1     19447
200    0     19447
200    1     19447
200    0     19447
200    1     19447
200    0     19447
200    1     19447
200    0     19447
200    1     19447
200    0     17482
200    1     17482
200    0     17482
200    1     17482
200    0     17482
200    1     17482
200    0     17482
200    1     17482
200    0     17482
200    1     17482
200    0     17482
200    1     17482
200    0     17482
200    1     17482
200    0     17482
200    1     17482
200    0     17482
200    1     17482
200    0     17482
200    1     17482
200    0     17482
200    1     17482
200    0     17482
200    1     17482
200    0     17482
200    1     17482
200    0     17482
200    1     17482
200    0     17482
200    1     17482
200    0     17482
200    1     17482
200    0     17482
200    1     17482
200    0     17482
200    1     17482
200    0     17482
200    1     17482
200    0     17482
200    1     17482
