200
200    0     56285
200    1     56285
200    0     56285
200    1     56285
200    0     56285
200    1     56285
200    0     56285
200    1     56285
200    0     56285
200    1     56285
200    0     56285
200    1     56285
200    0     56285
200    1     56285
200    0     56285
200    1     56285
200    0     56285
200    1     56285
200    0     56285
200    1     56285
200    0     56285
200    1     56285
200    0     56285
200    1     56285
200    0     56285
200    1     56285
200    0     56285
200    1     56285
200    0     56285
200    1     56285
200    0     56285
200    1     56285
200    0     56285
200    1     56285
200    0     56285
200    1     56285
200    0     56285
200    1     56285
200    0     56285
200    1     56285
200    0     56285
200    1     56285
200    0     56285
200    1     56285
200    0     56285
200    1     56285
200    0     56285
200    1     56285
200    0     56285
200    1     56285
200    0     56285
200    1     56285
200    0     56285
200    1     56285
200    0     56285
200    1     56285
200    0     56285
200    1     56285
200    0     56285
200    1     56285
200    0     56285
200    1     56285
200    0     56285
200    1     56285
200    0     56285
200    1     56285
200    0     56285
200    1     56285
200    0     56285
200    1     56285
200    0     56285
200    1     56285
200    0     56285
200    1     56285
200    0     56285
200    1     56285
200    0     56285
200    1     56285
200    0     56285
200    1     56285
200    0     49858
200    1     49858
200    0     49858
200    1     49858
200    0     49858
200    1     49858
200    0     49858
200    1     49858
200    0     49858
200    1     49858
200    0     49858
200    1     49858
200    0     49858
200    1     49858
200    0     49858
200    1     49858
200    0     49858
200    1     49858
200    0     49858
200    1     49858
200    0     49858
200    1     49858
200    0     49858
200    1     49858
200    0     49858
200    1     49858
200    0     49858
200    1     49858
200    0     49858
200    1     49858
200    0     49858
200    1     49858
200    0     49858
200    1     49858
200    0     49858
200    1     49858
200    0     49858
200    1     49858
200    0     49858
200    1     49858
200    0     49858
200    1     49858
200    0     49858
200    1     49858
200    0     49858
200    1     49858
200    0     49858
200    1     49858
200    0     49858
200    1     49858
200    0     49858
200    1     49858
200    0     49858
200    1     49858
200    0     49858
200    1     49858
200    0     49858
200    1     49858
200    0     49858
200    1     49858
200    0     49858
200    1     49858
200    0     49858
200    1     49858
200    0     49858
200    1     49858
200    0     49858
200    1     49858
200    0     49858
200    1     49858
200    0     49858
200    1     49858
200    0     49858
200    1     49858
200    0     49858
200    1     49858
200    0     49858
200    1     49858
200    0     49858
200    1     49858
200    0     43851
200    1     43851
200    0     43851
200    1     43851
200    0     43851
200    1     43851
200    0     43851
200    1     43851
200    0     43851
200    1     43851
200    0     43851
200    1     43851
200    0     43851
200    1     43851
200    0     43851
200    1     43851
200    0     43851
200    1     43851
200    0     43851
200    1     43851
200    0     43851
200    1     43851
200    0     43851
200    1     43851
200    0     43851
200    1     43851
200    0     43851
200    1     43851
200    0     43851
200    1     43851
200    0     43851
200    1     43851
200    0     43851
200    1     43851
200    0     43851
200    1     43851
200    0     43851
200    1     43851
200    0     43851
200    1     43851
