200
200    0     83535
200    1     83535
200    0     83535
200    1     83535
200    0     83535
200    1     83535
200    0     83535
200    1     83535
200    0     83535
200    1     83535
200    0     83535
200    1     83535
200    0     83535
200    1     83535
200    0     83535
200    1     83535
200    0     83535
200    1     83535
200    0     83535
200    1     83535
200    0     83535
200    1     83535
200    0     83535
200    1     83535
200    0     83535
200    1     83535
200    0     83535
200    1     83535
200    0     83535
200    1     83535
200    0     83535
200    1     83535
200    0     83535
200    1     83535
200    0     83535
200    1     83535
200    0     83535
200    1     83535
200    0     83535
200    1     83535
200    0     83535
200    1     83535
200    0     83535
200    1     83535
200    0     83535
200    1     83535
200    0     83535
200    1     83535
200    0     83535
200    1     83535
200    0     83535
200    1     83535
200    0     83535
200    1     83535
200    0     83535
200    1     83535
200    0     83535
200    1     83535
200    0     83535
200    1     83535
200    0     83535
200    1     83535
200    0     83535
200    1     83535
200    0     83535
200    1     83535
200    0     83535
200    1     83535
200    0     83535
200    1     83535
200    0     83535
200    1     83535
200    0     83535
200    1     83535
200    0     83535
200    1     83535
200    0     83535
200    1     83535
200    0     83535
200    1     83535
200    0     76385
200    1     76385
200    0     76385
200    1     76385
200    0     76385
200    1     76385
200    0     76385
200    1     76385
200    0     76385
200    1     76385
200    0     76385
200    1     76385
200    0     76385
200    1     76385
200    0     76385
200    1     76385
200    0     76385
200    1     76385
200    0     76385
200    1     76385
200    0     76385
200    1     76385
200    0     76385
200    1     76385
200    0     76385
200    1     76385
200    0     76385
200    1     76385
200    0     76385
200    1     76385
200    0     76385
200    1     76385
200    0     76385
200    1     76385
200    0     76385
200    1     76385
200    0     76385
200    1     76385
200    0     76385
200    1     76385
200    0     76385
200    1     76385
200    0     76385
200    1     76385
200    0     76385
200    1     76385
200    0     76385
200    1     76385
200    0     76385
200    1     76385
200    0     76385
200    1     76385
200    0     76385
200    1     76385
200    0     76385
200    1     76385
200    0     76385
200    1     76385
200    0     76385
200    1     76385
200    0     76385
200    1     76385
200    0     76385
200    1     76385
200    0     76385
200    1     76385
200    0     76385
200    1     76385
200    0     76385
200    1     76385
200    0     76385
200    1     76385
200    0     76385
200    1     76385
200    0     76385
200    1     76385
200    0     76385
200    1     76385
200    0     76385
200    1     76385
200    0     71381
200    1     71381
200    0     71381
200    1     71381
200    0     71381
200    1     71381
200    0     71381
200    1     71381
200    0     71381
200    1     71381
200    0     71381
200    1     71381
200    0     71381
200    1     71381
200    0     71381
200    1     71381
200    0     71381
200    1     71381
200    0     71381
200    1     71381
200    0     71381
200    1     71381
200    0     71381
200    1     71381
200    0     71381
200    1     71381
200    0     71381
200    1     71381
200    0     71381
200    1     71381
200    0     71381
200    1     71381
200    0     71381
200    1     71381
200    0     71381
200    1     71381
200    0     71381
200    1     71381
200    0     71381
200    1     71381
