200
200    0     129263
200    1     129263
200    0     129263
200    1     129263
200    0     129263
200    1     129263
200    0     129263
200    1     129263
200    0     129263
200    1     129263
200    0     129263
200    1     129263
200    0     129263
200    1     129263
200    0     129263
200    1     129263
200    0     129263
200    1     129263
200    0     129263
200    1     129263
200    0     129263
200    1     129263
200    0     129263
200    1     129263
200    0     129263
200    1     129263
200    0     129263
200    1     129263
200    0     129263
200    1     129263
200    0     129263
200    1     129263
200    0     129263
200    1     129263
200    0     129263
200    1     129263
200    0     129263
200    1     129263
200    0     129263
200    1     129263
200    0     129263
200    1     129263
200    0     129263
200    1     129263
200    0     129263
200    1     129263
200    0     129263
200    1     129263
200    0     129263
200    1     129263
200    0     129263
200    1     129263
200    0     129263
200    1     129263
200    0     129263
200    1     129263
200    0     129263
200    1     129263
200    0     129263
200    1     129263
200    0     129263
200    1     129263
200    0     129263
200    1     129263
200    0     129263
200    1     129263
200    0     129263
200    1     129263
200    0     129263
200    1     129263
200    0     129263
200    1     129263
200    0     129263
200    1     129263
200    0     129263
200    1     129263
200    0     129263
200    1     129263
200    0     129263
200    1     129263
200    0     119710
200    1     119710
200    0     119710
200    1     119710
200    0     119710
200    1     119710
200    0     119710
200    1     119710
200    0     119710
200    1     119710
200    0     119710
200    1     119710
200    0     119710
200    1     119710
200    0     119710
200    1     119710
200    0     119710
200    1     119710
200    0     119710
200    1     119710
200    0     119710
200    1     119710
200    0     119710
200    1     119710
200    0     119710
200    1     119710
200    0     119710
200    1     119710
200    0     119710
200    1     119710
200    0     119710
200    1     119710
200    0     119710
200    1     119710
200    0     119710
200    1     119710
200    0     119710
200    1     119710
200    0     119710
200    1     119710
200    0     119710
200    1     119710
200    0     119710
200    1     119710
200    0     119710
200    1     119710
200    0     119710
200    1     119710
200    0     119710
200    1     119710
200    0     119710
200    1     119710
200    0     119710
200    1     119710
200    0     119710
200    1     119710
200    0     119710
200    1     119710
200    0     119710
200    1     119710
200    0     119710
200    1     119710
200    0     119710
200    1     119710
200    0     119710
200    1     119710
200    0     119710
200    1     119710
200    0     119710
200    1     119710
200    0     119710
200    1     119710
200    0     119710
200    1     119710
200    0     119710
200    1     119710
200    0     119710
200    1     119710
200    0     119710
200    1     119710
200    0     109721
200    1     109721
200    0     109721
200    1     109721
200    0     109721
200    1     109721
200    0     109721
200    1     109721
200    0     109721
200    1     109721
200    0     109721
200    1     109721
200    0     109721
200    1     109721
200    0     109721
200    1     109721
200    0     109721
200    1     109721
200    0     109721
200    1     109721
200    0     109721
200    1     109721
200    0     109721
200    1     109721
200    0     109721
200    1     109721
200    0     109721
200    1     109721
200    0     109721
200    1     109721
200    0     109721
200    1     109721
200    0     109721
200    1     109721
200    0     109721
200    1     109721
200    0     109721
200    1     109721
200    0     109721
200    1     109721
