0.015025005    200    1235    1
0.010311000000000002    200    288555    2
0.011021999999999997    200    1435    1
0.021332999999999998    200    1475    1
0.009353000000000007    200    53910    2
0.01197999999999999    200    1210    1
0.021333000000000005    200    1205    1
0.008395    200    53735    2
0.012938000000000005    200    1195    1
0.021333000000000005    200    1255    1
0.007436999999999999    200    171460    2
0.013895999999999992    200    1625    1
0.02133299999999999    200    1450    1
0.0064790000000000125    200    53415    2
0.014854000000000006    200    1240    1
0.02133299999999999    200    1250    1
0.005520999999999998    200    172580    2
0.015811999999999993    200    1220    1
0.02133299999999999    200    1215    1
0.004563000000000039    200    281425    2
0.01676999999999995    200    1195    1
0.021333000000000046    200    1195    1
0.0036049999999999693    200    52795    2
0.01772800000000002    200    1260    1
0.02133299999999999    200    1185    1
0.0026470000000000105    200    257340    2
0.01868599999999998    200    1275    1
0.02133299999999999    200    1235    1
0.001688999999999996    200    49390    2
0.019643999999999995    200    1245    1
0.021333000000000046    200    1215    1
0.0007309999999999817    200    256815    2
0.02060200000000001    200    1355    1
0.021106000000000014    200    45410    2
0.00022699999999997722    200    1225    1
0.02133299999999999    200    1265    1
0.020148000000000055    200    64775    2
0.0011849999999999916    200    1235    1
0.021332999999999935    200    1240    1
0.01919000000000004    200    244720    2
0.002143000000000006    200    1265    1
0.021332999999999935    200    1225    1
0.018232000000000026    200    36250    2
0.0031010000000000204    200    1285    1
0.021333000000000046    200    1275    1
0.0172739999999999    200    62690    2
0.004059000000000035    200    1465    1
0.021333000000000046    200    1275    1
0.016315999999999997    200    78415    2
0.005016999999999938    200    1255    1
0.021333000000000046    200    1315    1
0.015357999999999983    200    168430    2
0.005974999999999953    200    1255    1
0.021333000000000046    200    1475    1
0.014399999999999968    200    59105    2
0.006933000000000078    200    1230    1
0.021332999999999935    200    1240    1
0.013442000000000065    200    226140    2
0.007890999999999981    200    1245    1
0.021332999999999935    200    1490    1
0.01248400000000005    200    37695    2
0.008848999999999996    200    1245    1
0.021333000000000046    200    1210    1
0.011525999999999925    200    71995    2
0.00980700000000001    200    1215    1
0.021333000000000046    200    1235    1
0.010568000000000022    200    80330    2
0.010764999999999914    200    1185    1
0.021333000000000046    200    1345    1
0.009610000000000007    200    193685    2
0.011722999999999928    200    1170    1
0.021333000000000046    200    1425    1
0.008652000000000104    200    70615    2
0.012680999999999942    200    1390    1
0.021333000000000046    200    1415    1
0.007693999999999868    200    101625    2
0.013638999999999957    200    1130    1
0.021333000000000046    200    1135    1
0.006736000000000075    200    61445    2
0.014596999999999971    200    1205    1
0.021333000000000046    200    1190    1
0.005777999999999839    200    123185    2
0.015555000000000208    200    1230    1
0.021332999999999824    200    1200    1
0.0048200000000000465    200    198880    2
0.016513    200    1865    1
0.021333000000000046    200    1230    1
0.003862000000000032    200    23310    2
0.017471000000000014    200    1160    1
0.021333000000000046    200    1195    1
0.0029039999999997956    200    44375    2
0.01842900000000003    200    1165    1
0.021333000000000046    200    1180    1
0.0019460000000000033    200    120235    2
0.019387000000000043    200    1220    1
0.021333000000000046    200    1225    1
0.0009879999999999889    200    244295    2
0.020344999999999835    200    1250    1
0.021333000000000046    200    1205    1
2.999999999997449e-05    200    59520    2
0.021303000000000072    200    1240    1
0.020405000000000006    200    45970    2
0.0009280000000000399    200    1260    1
0.021333000000000046    200    1240    1
0.019446999999999992    200    119260    2
0.0018859999999998323    200    1245    1
0.021333000000000046    200    1225    1
0.018488999999999978    200    212415    2
0.0028440000000000687    200    1270    1
0.021333000000000046    200    1225    1
0.017530999999999963    200    52720    2
0.003802000000000083    200    1245    1
0.021332999999999824    200    1245    1
0.01657300000000017    200    153470    2
0.0047599999999998754    200    1255    1
0.021333000000000046    200    1270    1
0.015614999999999934    200    51410    2
0.005718000000000112    200    1285    1
0.021333000000000046    200    1215    1
0.01465699999999992    200    218055    2
0.006675999999999904    200    1235    1
0.021333000000000046    200    1250    1
0.013699000000000128    200    51605    2
0.007633999999999919    200    1240    1
0.021333000000000046    200    1240    1
0.012740999999999891    200    215445    2
0.008592000000000155    200    1280    1
0.021332999999999824    200    1270    1
0.011783000000000099    200    33555    2
0.009549999999999947    200    1245    1
0.021333000000000046    200    1280    1
0.010824999999999863    200    195700    2
0.010508000000000184    200    1340    1
0.021332999999999824    200    1350    1
0.00986700000000007    200    45990    2
0.011465999999999976    200    1280    1
0.021333000000000046    200    1300    1
0.008909000000000056    200    668915    2
0.01242399999999999    200    1245    1
0.021333000000000046    200    1255    1
0.00795099999999982    200    15150    2
0.013382000000000005    200    1240    1
0.021333000000000046    200    1270    1
0.006993000000000027    200    135175    2
0.014340000000000241    200    1265    1
0.021332999999999824    200    1325    1
0.0060349999999997905    200    22770    2
0.015298000000000034    200    1275    1
0.02133300000000027    200    1260    1
0.005076999999999998    200    143145    2
0.016255999999999826    200    1290    1
0.021332999999999824    200    1230    1
0.004119000000000206    200    33120    2
0.017214000000000063    200    1255    1
0.021332999999999824    200    1375    1
0.0031609999999999694    200    151945    2
0.0181720000000003    200    1410    1
0.021332999999999824    200    1290    1
0.002203000000000177    200    24745    2
0.019129999999999647    200    1240    1
0.02133300000000027    200    1245    1
0.0012449999999999406    200    113365    2
0.020087999999999884    200    1295    1
0.02133300000000027    200    1310    1
0.00028699999999970416    200    22075    2
0.02104600000000012    200    1270    1
0.02066200000000018    200    120260    2
0.0006709999999996441    200    1250    1
0.02133300000000027    200    1255    1
0.019703999999999944    200    18405    2
0.0016289999999998805    200    1300    1
0.02133300000000027    200    1320    1
0.018745999999999707    200    175755    2
0.002587000000000117    200    1275    1
0.021332999999999824    200    1480    1
0.01778800000000036    200    17820    2
0.0035449999999999093    200    1405    1
0.021332999999999824    200    1275    1
0.016830000000000123    200    145750    2
0.004503000000000146    200    1315    1
0.021332999999999824    200    1235    1
0.015871999999999886    200    26360    2
0.005460999999999938    200    1270    1
0.02133300000000027    200    1280    1
0.014914000000000094    200    114425    2
0.0064189999999997305    200    1385    1
0.02133300000000027    200    1295    1
0.013955999999999857    200    15605    2
0.007376999999999967    200    1295    1
0.021332999999999824    200    1300    1
0.012998000000000065    200    76825    2
0.008335000000000203    200    1310    1
0.021332999999999824    200    1400    1
0.012040000000000273    200    309655    2
0.009292999999999996    200    1415    1
0.021332999999999824    200    1255    1
0.011082000000000036    200    79570    2
0.010250999999999788    200    1255    1
0.02133300000000027    200    1245    1
0.0101239999999998    200    72735    2
0.011209000000000024    200    1210    1
0.02133300000000027    200    1210    1
0.009166000000000007    200    175895    2
0.012166999999999817    200    1215    1
0.021332999999999824    200    1945    1
0.008208000000000215    200    166310    2
0.013125000000000053    200    1460    1
0.021332999999999824    200    1160    1
0.007249999999999979    200    72440    2
0.01408300000000029    200    1180    1
0.021332999999999824    200    1175    1
0.006291999999999742    200    183075    2
0.015041000000000082    200    1300    1
0.02133300000000027    200    1250    1
0.00533399999999995    200    102535    2
0.015998999999999874    200    1240    1
0.021332999999999824    200    1180    1
0.0043760000000001575    200    178310    2
0.01695700000000011    200    1845    1
0.021332999999999824    200    1150    1
0.003417999999999921    200    123245    2
0.017915000000000347    200    1170    1
0.021332999999999824    200    1265    1
0.0024600000000001288    200    190640    2
0.018872999999999696    200    1220    1
0.02133300000000027    200    1230    1
0.0015019999999998923    200    98555    2
0.019830999999999932    200    1345    1
0.02133300000000027    200    1200    1
0.0005439999999996559    200    130375    2
0.02078900000000017    200    1195    1
0.020919000000000132    200    66745    2
0.0004139999999996924    200    1310    1
0.02133300000000027    200    1285    1
0.019960999999999895    200    181425    2
0.0013719999999999288    200    1215    1
0.02133300000000027    200    1200    1
0.01900299999999966    200    197350    2
0.0023300000000001653    200    1295    1
0.021332999999999824    200    1315    1
0.01804500000000031    200    124945    2
0.0032879999999999576    200    1250    1
0.021332999999999824    200    1215    1
0.017087000000000074    200    190285    2
0.004246000000000194    200    1245    1
0.021332999999999824    200    1305    1
0.016128999999999838    200    117120    2
0.005203999999999986    200    1295    1
0.02133300000000027    200    1305    1
0.015171000000000046    200    275575    2
0.006161999999999779    200    1305    1
0.02133300000000027    200    1395    1
0.014212999999999809    200    111690    2
0.007120000000000015    200    1295    1
0.021332999999999824    200    1255    1
0.013255000000000017    200    144230    2
0.008078000000000252    200    1360    1
0.021332999999999824    200    1245    1
0.012297000000000224    200    198975    2
0.009036000000000044    200    1255    1
0.021332999999999824    200    1260    1
0.011338999999999988    200    137295    2
0.009993999999999836    200    1260    1
0.02133300000000027    200    1300    1
0.010380999999999752    200    258725    2
0.010952000000000073    200    1255    1
0.02133300000000027    200    1225    1
0.00942299999999996    200    136740    2
0.011909999999999865    200    1215    1
0.021332999999999824    200    1280    1
0.008465000000000167    200    204445    2
0.012868000000000102    200    1290    1
0.021332999999999824    200    1330    1
0.00750699999999993    200    96440    2
0.013826000000000338    200    1335    1
0.021332999999999824    200    1230    1
0.006549000000000138    200    57725    2
0.014783999999999686    200    1190    1
0.02133300000000027    200    1190    1
0.005590999999999902    200    173960    2
0.015741999999999923    200    1185    1
0.021332999999999824    200    1220    1
0.004633000000000109    200    39710    2
0.016699999999999715    200    1230    1
0.02133300000000027    200    1250    1
0.003675000000000317    200    137330    2
0.01765799999999995    200    1290    1
0.02133300000000027    200    1300    1
0.0027169999999996364    200    43730    2
0.018615999999999744    200    1260    1
0.02133300000000027    200    1325    1
0.001758999999999844    200    122160    2
0.019574000000000424    200    1305    1
0.02133299999999938    200    1320    1
0.0008010000000000517    200    282310    2
0.020532000000000217    200    1290    1
0.02117599999999964    200    38445    2
0.00015700000000062886    200    1280    1
0.02133299999999938    200    1290    1
0.020218000000000735    200    39640    2
0.001114999999999533    200    1295    1
0.02133300000000027    200    1255    1
0.019260000000000055    200    182250    2
0.0020730000000002136    200    1310    1
0.02133299999999938    200    1300    1
0.018302000000000263    200    40540    2
0.003031000000000006    200    1305    1
0.02133300000000027    200    1255    1
0.017343999999999582    200    104320    2
0.003988999999999798    200    1290    1
0.02133300000000027    200    1350    1
0.01638599999999979    200    42685    2
0.004947000000000479    200    1340    1
0.02133299999999938    200    1280    1
0.015427999999999997    200    181965    2
0.005905000000000271    200    1270    1
0.02133300000000027    200    1295    1
0.014470000000000205    200    44050    2
0.006862999999999175    200    1215    1
0.02133300000000027    200    1220    1
0.013512000000000413    200    90725    2
0.007820999999999856    200    1245    1
0.02133300000000027    200    1250    1
0.012553999999999732    200    43015    2
0.008778999999999648    200    1255    1
0.02133300000000027    200    1250    1
0.01159599999999994    200    117775    2
0.009737000000000329    200    1255    1
0.02133299999999938    200    1310    1
0.010638000000000147    200    47300    2
0.010695000000000121    200    1275    1
0.02133300000000027    200    1280    1
0.009679999999999467    200    93490    2
0.011652999999999913    200    1305    1
0.02133300000000027    200    1470    1
0.008722000000000563    200    1255715    2
0.012610999999999706    200    1530    1
0.02133300000000027    200    1475    1
0.007763999999999882    200    6940    2
0.013568999999999498    200    1160    1
0.02133300000000027    200    1200    1
0.00680600000000009    200    5895    2
0.014527000000000179    200    1230    1
0.02133299999999938    200    1235    1
0.005848000000000297    200    121240    2
0.015484999999999971    200    1230    1
0.02133300000000027    200    1255    1
0.004889999999999617    200    8620    2
0.016442999999999763    200    1265    1
0.02133300000000027    200    1855    1
0.0039319999999998245    200    144510    2
0.017401000000000444    200    1105    1
0.02133300000000027    200    1185    1
0.002974000000000032    200    9965    2
0.018358999999999348    200    1220    1
0.02133300000000027    200    1205    1
0.00201600000000024    200    180015    2
0.01931700000000003    200    1235    1
0.02133299999999938    200    1270    1
0.0010580000000004475    200    10235    2
0.02027499999999982    200    1200    1
0.02133300000000027    200    1300    1
9.999999999976694e-05    200    122240    2
0.021232999999999613    200    1265    1
0.020475000000000243    200    10950    2
0.0008580000000000254    200    1240    1
0.02133300000000027    200    1330    1
0.019516999999999562    200    69200    2
0.001816000000000706    200    1260    1
0.02133299999999938    200    1280    1
0.01855899999999977    200    11215    2
0.0027740000000004983    200    1275    1
0.02133300000000027    200    1335    1
0.017600999999999978    200    66440    2
0.0037319999999994025    200    1255    1
0.02133300000000027    200    1295    1
0.016643000000000185    200    1246440    2
0.004690000000000083    200    1390    1
0.02133299999999938    200    1485    1
0.015685000000000393    200    44625    2
0.005647999999999875    200    1395    1
0.02133300000000027    200    1240    1
0.014726999999999713    200    6895    2
0.006606000000000556    200    1210    1
0.02133299999999938    200    1230    1
0.01376899999999992    200    137795    2
0.007564000000000348    200    1180    1
0.02133300000000027    200    1195    1
0.01281099999999924    200    8225    2
0.00852200000000014    200    1220    1
0.02133300000000027    200    1250    1
0.011853000000000335    200    110655    2
0.009479999999999933    200    1375    1
0.02133299999999938    200    1425    1
0.010895000000000543    200    8410    2
0.010437999999999725    200    1495    1
0.02133300000000027    200    1310    1
0.009936999999999863    200    49900    2
0.011395999999999518    200    1220    1
0.02133300000000027    200    1210    1
0.00897900000000007    200    9815    2
0.012354000000000198    200    1230    1
0.02133300000000027    200    1210    1
0.00802099999999939    200    140975    2
0.01331199999999999    200    1240    1
0.02133300000000027    200    1405    1
0.007062999999999597    200    10135    2
0.014270000000000671    200    1345    1
0.02133299999999938    200    1160    1
0.006105000000000693    200    53425    2
0.015227999999999575    200    1145    1
0.02133300000000027    200    1195    1
0.005147000000000013    200    12565    2
0.016185999999999368    200    1230    1
0.02133300000000027    200    1250    1
0.00418900000000022    200    135465    2
0.017144000000000048    200    1260    1
0.02133300000000027    200    1280    1
0.00323099999999954    200    8735    2
0.01810199999999984    200    1450    1
0.02133300000000027    200    1355    1
0.0022729999999997474    200    45795    2
0.01906000000000052    200    1230    1
0.02133299999999938    200    1495    1
0.001314999999999955    200    8760    2
0.020018000000000313    200    1345    1
0.02133300000000027    200    1295    1
0.00035700000000016274    200    131115    2
0.020975999999999217    200    1180    1
0.02073200000000064    200    7615    2
0.0006009999999996296    200    1130    1
0.02133300000000027    200    1210    1
0.01977399999999996    200    47885    2
0.0015590000000003101    200    1150    1
0.02133299999999938    200    1225    1
0.018816000000000166    200    8305    2
0.0025170000000001025    200    1175    1
0.02133300000000027    200    1210    1
0.017857999999999485    200    107620    2
0.003474999999999895    200    1130    1
0.02133300000000027    200    1215    1
0.016899999999999693    200    7585    2
0.004433000000000575    200    1250    1
0.02133299999999938    200    1245    1
0.01594200000000079    200    51565    2
0.0053909999999994795    200    1225    1
0.02133300000000027    200    1215    1
0.014984000000000108    200    9130    2
0.00634900000000016    200    1285    1
0.02133299999999938    200    1255    1
0.014026000000000316    200    131960    2
0.007306999999999952    200    1260    1
0.02133300000000027    200    1275    1
0.013067999999999635    200    8225    2
0.008264999999999745    200    1270    1
0.02133300000000027    200    1400    1
0.012109999999999843    200    43775    2
0.009223000000000425    200    1190    1
0.02133299999999938    200    1210    1
0.01115200000000005    200    9335    2
0.010181000000000218    200    1350    1
0.02133300000000027    200    1220    1
0.01019399999999937    200    141110    2
0.01113900000000001    200    1245    1
0.02133300000000027    200    1280    1
0.009236000000000466    200    8800    2
0.012096999999999802    200    1210    1
0.02133300000000027    200    1275    1
0.008277999999999786    200    48815    2
0.013054999999999595    200    1245    1
0.02133300000000027    200    1220    1
0.007319999999999993    200    8360    2
0.014013000000000275    200    1235    1
0.02133299999999938    200    1245    1
0.006362000000000201    200    99865    2
0.014971000000000068    200    1315    1
0.02133300000000027    200    1295    1
0.00540399999999952    200    8690    2
0.01592899999999986    200    1240    1
0.02133300000000027    200    1285    1
0.004445999999999728    200    49515    2
0.01688700000000054    200    1235    1
0.02133300000000027    200    1265    1
0.0034879999999999356    200    9100    2
0.017844999999999445    200    1255    1
0.02133300000000027    200    1255    1
0.0025300000000001432    200    85070    2
0.018803000000000125    200    1250    1
0.02133299999999938    200    1260    1
0.001572000000000351    200    9610    2
0.019760999999999918    200    1270    1
0.02133300000000027    200    1295    1
0.0006139999999996704    200    42285    2
0.02071899999999971    200    1305    1
0.020989000000000146    200    6955    2
0.000344000000000122    200    1315    1
0.02133300000000027    200    1255    1
0.020030999999999466    200    86385    2
0.0013020000000008025    200    1345    1
0.02133299999999938    200    1310    1
0.01907300000000056    200    10375    2
0.0022599999999997067    200    1305    1
0.02133300000000027    200    1285    1
0.01811499999999988    200    47805    2
0.003217999999999499    200    1330    1
0.02133300000000027    200    1315    1
0.01715700000000009    200    8905    2
0.00417600000000018    200    1325    1
0.02133299999999938    200    1265    1
0.016199000000000296    200    58350    2
0.005133999999999972    200    1285    1
0.02133300000000027    200    1295    1
0.015240999999999616    200    9455    2
0.0060920000000006524    200    1265    1
0.02133299999999938    200    1300    1
0.014282999999999824    200    42995    2
0.007050000000000445    200    1370    1
0.02133300000000027    200    1275    1
0.013325000000000031    200    522375    2
0.008007999999999349    200    1235    1
0.02133300000000027    200    1285    1
0.012367000000000239    200    30635    2
0.00896600000000003    200    1275    1
0.02133299999999938    200    1285    1
0.011409000000000447    200    57015    2
0.009923999999999822    200    1285    1
0.02133300000000027    200    1250    1
0.010450999999999766    200    28840    2
0.010881999999999614    200    1320    1
0.02133300000000027    200    1295    1
0.009492999999999974    200    69250    2
0.011840000000000295    200    1400    1
0.02133300000000027    200    1235    1
0.008534999999999293    200    31205    2
0.012798000000000087    200    1250    1
0.02133300000000027    200    1270    1
0.007577000000000389    200    63230    2
0.01375599999999988    200    1365    1
0.02133299999999938    200    1385    1
0.006619000000000597    200    25415    2
0.014713999999999672    200    1285    1
0.02133300000000027    200    1230    1
0.005660999999999916    200    74505    2
0.015671999999999464    200    1260    1
0.02133300000000027    200    1310    1
0.004703000000000124    200    29715    2
0.016630000000000145    200    1290    1
0.02133300000000027    200    1300    1
0.0037449999999994432    200    66595    2
0.017587999999999937    200    1385    1
0.02133300000000027    200    1310    1
0.002786999999999651    200    28535    2
0.018546000000000618    200    1260    1
0.02133299999999938    200    1235    1
0.0018290000000007467    200    81305    2
0.01950399999999952    200    1275    1
0.02133300000000027    200    1940    1
0.0008710000000000662    200    26700    2
0.020461999999999314    200    1190    1
0.021246000000000542    200    66070    2
8.699999999972619e-05    200    1195    1
0.02133300000000027    200    1275    1
0.02028799999999986    200    29460    2
0.0010450000000004067    200    1205    1
0.02133299999999938    200    1265    1
0.01933000000000007    200    88000    2
0.002003000000000199    200    1200    1
0.02133299999999938    200    1240    1
0.018372000000001165    200    28610    2
0.0029609999999991032    200    1285    1
0.02133300000000027    200    1290    1
0.017414000000000485    200    76370    2
0.003918999999999784    200    1290    1
0.02133300000000027    200    1250    1
0.016455999999999804    200    32975    2
0.004877000000000464    200    1325    1
0.021332999999998492    200    1295    1
0.0154980000000009    200    56760    2
0.0058349999999993685    200    1260    1
0.02133300000000027    200    1265    1
0.01454000000000022    200    34525    2
0.006793000000000049    200    1235    1
0.02133300000000027    200    1270    1
0.013581999999999539    200    90450    2
0.0077510000000007295    200    1260    1
0.02133300000000027    200    1260    1
0.012623999999998858    200    35795    2
0.008708999999999634    200    1245    1
0.02133300000000027    200    1320    1
0.011665999999999954    200    55295    2
0.009667000000000314    200    1300    1
0.02133300000000027    200    1315    1
0.010707999999999274    200    32355    2
0.010625000000000995    200    1255    1
0.02133300000000027    200    1275    1
0.009749999999998593    200    96505    2
0.011582999999999899    200    1275    1
0.02133300000000027    200    1255    1
0.008791999999999689    200    31430    2
0.01254100000000058    200    1295    1
0.02133300000000027    200    1275    1
0.007834000000000785    200    52715    2
0.013498999999999484    200    1300    1
0.02133300000000027    200    1240    1
0.006876000000000104    200    30480    2
0.014457000000000164    200    1280    1
0.021332999999998492    200    1280    1
0.0059180000000012    200    95435    2
0.015414999999999068    200    1340    1
0.02133300000000027    200    1295    1
0.0049600000000005195    200    28995    2
0.01637299999999975    200    1285    1
0.02133300000000027    200    1275    1
0.004001999999999839    200    52085    2
0.01733100000000043    200    1300    1
0.021332999999998492    200    1300    1
0.003044000000000935    200    30315    2
0.018288999999999334    200    1330    1
0.02133300000000027    200    1360    1
0.0020860000000002543    200    91330    2
0.019247000000000014    200    1270    1
0.02133300000000027    200    1230    1
0.0011279999999995738    200    30860    2
0.020205000000000695    200    1295    1
0.02133300000000027    200    1325    1
0.00016999999999889326    200    51060    2
0.0211629999999996    200    1200    1
0.020545000000000258    200    34190    2
0.0007880000000000109    200    1235    1
0.02133300000000027    200    1275    1
0.019586999999999577    200    93445    2
0.0017460000000006914    200    1305    1
0.02133300000000027    200    1300    1
0.018628999999998896    200    32485    2
0.002704000000001372    200    1285    1
0.02133300000000027    200    1320    1
0.017670999999999992    200    54100    2
0.0036619999999985    200    1270    1
0.02133300000000027    200    1315    1
0.016713000000001088    200    29490    2
0.00461999999999918    200    1305    1
0.02133300000000027    200    1265    1
0.015755000000000408    200    97540    2
0.005577999999999861    200    1255    1
0.02133300000000027    200    1285    1
0.014796999999999727    200    31035    2
0.006535999999998765    200    1315    1
0.02133300000000027    200    1300    1
0.013839000000000823    200    53040    2
0.0074939999999994455    200    1305    1
0.02133300000000027    200    1305    1
0.012881000000000142    200    32030    2
0.008452000000000126    200    1335    1
0.02133300000000027    200    1290    1
0.011922999999999462    200    91920    2
0.009410000000000807    200    1260    1
0.021332999999998492    200    1320    1
0.010965000000000558    200    31315    2
0.01036799999999971    200    1290    1
0.02133300000000027    200    1270    1
0.010006999999999877    200    52790    2
0.011326000000000391    200    1260    1
0.02133300000000027    200    1275    1
0.009048999999999197    200    29335    2
0.012284000000001072    200    1280    1
0.021332999999998492    200    1335    1
0.008091000000000292    200    97615    2
0.013241999999999976    200    1265    1
0.02133300000000027    200    1285    1
0.007132999999999612    200    32725    2
0.014200000000000657    200    1270    1
0.02133300000000027    200    1345    1
0.006174999999998931    200    53150    2
0.015158000000001337    200    1420    1
0.02133300000000027    200    1810    1
0.005217000000000027    200    30085    2
0.016115999999998465    200    1300    1
0.02133300000000027    200    1295    1
0.004259000000001123    200    85020    2
0.017073999999999145    200    1285    1
0.02133300000000027    200    1180    1
0.0033010000000004425    200    31280    2
0.018031999999999826    200    1140    1
0.02133300000000027    200    1200    1
0.002342999999999762    200    53555    2
0.018990000000000506    200    1120    1
0.021332999999998492    200    1205    1
0.0013850000000008578    200    30930    2
0.01994799999999941    200    1190    1
0.02133300000000027    200    1205    1
0.00042700000000017724    200    86340    2
0.02090600000000009    200    1185    1
0.020801999999999765    200    31165    2
0.0005310000000005033    200    1150    1
0.02133300000000027    200    1290    1
0.019843999999999085    200    52350    2
0.0014889999999994075    200    1190    1
0.02133300000000027    200    1280    1
0.01888600000000018    200    31005    2
0.002447000000000088    200    1225    1
0.02133300000000027    200    1260    1
0.0179279999999995    200    77730    2
0.0034050000000007685    200    1250    1
0.02133300000000027    200    1255    1
0.01696999999999882    200    33265    2
0.004363000000001449    200    1250    1
0.021332999999998492    200    1250    1
0.016011999999999915    200    52350    2
0.005321000000000353    200    1270    1
0.021333005000000682    200    1270    1
0.015053999999999235    200    35020    2
0.006279000000001034    200    1300    1
0.02133300000000027    200    1235    1
0.014095999999998554    200    65795    2
0.007236999999999938    200    1260    1
0.02133300000000027    200    1250    1
0.01313799999999965    200    33940    2
0.008195000000000618    200    1270    1
0.02133300000000027    200    1260    1
0.012180000000000746    200    56125    2
0.009152999999999523    200    1315    1
0.02133300000000027    200    1265    1
0.011222000000000065    200    40675    2
0.010111000000000203    200    1245    1
0.021332999999998492    200    1280    1
0.010264000000001161    200    50000    2
0.011068999999999107    200    1250    1
0.02133300000000027    200    1290    1
0.00930600000000048    200    42190    2
0.012026999999999788    200    1290    1
0.02133300000000027    200    1305    1
0.0083479999999998    200    1056320    2
0.012985000000000468    200    1270    1
0.021332999999998492    200    1300    1
0.007390000000000896    200    8835    2
0.013942999999999373    200    1270    1
0.02133300000000027    200    1295    1
0.006432000000000215    200    5600    2
0.014901000000000053    200    1260    1
0.02133300000000027    200    1260    1
0.005473999999999535    200    92610    2
0.015859000000000734    200    1310    1
0.02133300000000027    200    1275    1
0.004515999999998854    200    6870    2
0.016816999999999638    200    1265    1
0.02133300000000027    200    1250    1
0.00355799999999995    200    12090    2
0.01777500000000032    200    1305    1
0.02133300000000027    200    1255    1
0.0025999999999992696    200    9080    2
0.018733000000001    200    1255    1
0.02133300000000027    200    1280    1
0.001641999999998589    200    72260    2
0.019690999999999903    200    1300    1
0.02133300000000027    200    1335    1
0.0006840000000014612    200    6690    2
0.020648999999998807    200    1340    1
0.02105900000000105    200    13030    2
0.0002739999999992193    200    1270    1
0.02133300000000027    200    1315    1
0.02010100000000037    200    7965    2
0.0012319999999998998    200    1310    1
0.02133300000000027    200    1305    1
0.019142999999999688    200    72960    2
0.002189999999998804    200    1245    1
0.02133300000000027    200    1275    1
0.018185000000000784    200    8215    2
0.0031479999999994845    200    1275    1
0.02133300000000027    200    1250    1
0.017227000000000103    200    12140    2
0.004106000000000165    200    1305    1
0.02133300000000027    200    1295    1
0.016268999999999423    200    6445    2
0.005064000000000846    200    1260    1
0.021332999999998492    200    1290    1
0.015311000000000519    200    66780    2
0.00602199999999975    200    1315    1
0.02133300000000027    200    1335    1
0.014352999999999838    200    7305    2
0.00698000000000043    200    1275    1
0.02133300000000027    200    1270    1
0.013394999999999158    200    11590    2
0.00793800000000111    200    1255    1
0.021332999999998492    200    1330    1
0.012437000000000253    200    6940    2
0.008896000000000015    200    1270    1
0.02133300000000027    200    1250    1
0.011478999999999573    200    60500    2
0.009854000000000696    200    1255    1
0.02133300000000027    200    1290    1
0.010520999999998892    200    6465    2
0.010812000000001376    200    1300    1
0.02133300000000027    200    1305    1
0.009562999999999988    200    11740    2
0.011769999999998504    200    1275    1
0.02133300000000027    200    1270    1
0.008605000000001084    200    6010    2
0.012727999999999184    200    1285    1
0.02133300000000027    200    1245    1
0.0076470000000004035    200    55965    2
0.013685999999999865    200    1275    1
0.02133300000000027    200    1320    1
0.006688999999999723    200    6865    2
0.014644000000000545    200    1295    1
0.021332999999998492    200    1240    1
0.005731000000000819    200    54495    2
0.01560199999999945    200    1290    1
0.02133300000000027    200    1270    1
0.004773000000000138    200    7775    2
0.01656000000000013    200    1340    1
0.02133300000000027    200    1275    1
0.0038149999999994577    200    19075    2
0.01751800000000081    200    1260    1
0.021332999999998492    200    1275    1
0.0028570000000005535    200    6370    2
0.018475999999999715    200    1260    1
0.02133300000000027    200    1290    1
0.001898999999999873    200    73835    2
0.019434000000000395    200    1285    1
0.02133300000000027    200    1345    1
0.0009409999999991925    200    8630    2
0.020392000000001076    200    1250    1
0.02131599999999878    200    16875    2
1.7000000001488047e-05    200    1290    1
0.021332999999998492    200    1355    1
0.020357999999999876    200    7090    2
0.0009750000000003922    200    1275    1
0.02133300000000027    200    1255    1
0.019400000000000972    200    63230    2
0.0019329999999992964    200    1295    1
0.02133300000000027    200    1265    1
0.01844200000000029    200    6535    2
0.002890999999999977    200    1295    1
0.021332999999998492    200    1255    1
0.017484000000001387    200    15720    2
0.003848999999998881    200    1325    1
0.02133300000000027    200    1340    1
0.016526000000000707    200    6450    2
0.004806999999999562    200    1265    1
0.02133300000000027    200    1285    1
0.015568000000000026    200    53595    2
0.005765000000000242    200    1245    1
0.02133300000000027    200    1265    1
0.014609999999999346    200    7520    2
0.006722999999999146    200    1295    1
0.02133300000000027    200    1240    1
0.013652000000000442    200    18410    2
0.007680999999999827    200    1275    1
0.02133300000000027    200    1240    1
0.012693999999999761    200    6315    2
0.008639000000000507    200    1280    1
0.02133300000000027    200    1285    1
0.01173599999999908    200    50150    2
0.009597000000001188    200    1275    1
0.021332999999998492    200    1300    1
0.010778000000000176    200    8595    2
0.010555000000000092    200    1290    1
0.02133300000000027    200    1335    1
0.009819999999999496    200    17280    2
0.011513000000000773    200    1275    1
0.02133300000000027    200    1270    1
0.008861999999998815    200    9025    2
0.012471000000001453    200    1305    1
0.021332999999998492    200    1300    1
0.007904000000001687    200    51510    2
0.013428999999998581    200    1275    1
0.02133300000000027    200    1270    1
0.006946000000001007    200    7670    2
0.014386999999999261    200    1255    1
0.02133300000000027    200    1315    1
0.005988000000000326    200    17895    2
0.015344999999999942    200    1260    1
0.02133300000000027    200    1290    1
0.005029999999999646    200    8165    2
0.016302999999998846    200    1260    1
0.02133300000000027    200    1285    1
0.004072000000000742    200    43495    2
0.017260999999999527    200    1270    1
0.02133300000000027    200    1285    1
0.003114000000000061    200    10905    2
0.018219000000000207    200    1260    1
0.02133300000000027    200    1285    1
0.0021559999999993806    200    15270    2
0.019177000000000888    200    1315    1
0.021332999999998492    200    1265    1
0.0011980000000004765    200    8630    2
0.020134999999999792    200    1295    1
0.02133300000000027    200    1295    1
0.00023999999999979593    200    31550    2
0.021093000000000472    200    1345    1
0.020614999999999384    200    9625    2
0.0007180000000008846    200    1270    1
0.02133300000000027    200    1230    1
0.019656999999998703    200    13875    2
0.0016759999999997888    200    1305    1
0.02133300000000027    200    1280    1
0.0186989999999998    200    8455    2
0.0026340000000004693    200    1220    1
0.02133300000000027    200    1280    1
0.01774099999999912    200    20460    2
0.00359200000000115    200    1305    1
0.02133300000000027    200    1285    1
0.016783000000000214    200    12750    2
0.004550000000000054    200    1245    1
0.021332999999998492    200    1280    1
0.01582500000000131    200    21490    2
0.005507999999998958    200    1280    1
0.02133300000000027    200    1315    1
0.01486700000000063    200    1160815    2
0.006465999999999639    200    1305    1
0.02133300000000027    200    1265    1
0.01390899999999995    200    5440    2
0.007424000000000319    200    1315    1
0.021332999999998492    200    1315    1
0.012951000000001045    200    1515    2
0.008381999999999223    200    1265    1
0.02133300000000027    200    1290    1
0.011993000000000364    200    208725    2
0.009339999999999904    200    1280    1
0.02133300000000027    200    1260    1
0.011034999999999684    200    2000    2
0.010298000000000584    200    1280    1
0.02133300000000027    200    1300    1
0.010076999999999003    200    5785    2
0.011255999999999489    200    1285    1
0.02133300000000027    200    1300    1
0.0091190000000001    200    3340    2
0.01221400000000017    200    1260    1
0.02133300000000027    200    1250    1
0.008160999999999419    200    116320    2
0.01317200000000085    200    1285    1
0.02133300000000027    200    1300    1
0.007202999999998738    200    2730    2
0.01413000000000153    200    1285    1
0.021332999999998492    200    1275    1
0.006244999999999834    200    4130    2
0.015088000000000434    200    1280    1
0.02133300000000027    200    1300    1
0.00528700000000093    200    1910    2
0.01604599999999934    200    1220    1
0.02133300000000027    200    1495    1
0.004329000000000249    200    68175    2
0.01700400000000002    200    1270    1
0.021332999999998492    200    1250    1
0.003371000000001345    200    2815    2
0.017961999999998923    200    1280    1
0.02133300000000027    200    1235    1
0.0024130000000006646    200    4290    2
0.018919999999999604    200    1230    1
0.02133300000000027    200    1240    1
0.001454999999999984    200    1270    2
0.019878000000000284    200    1240    1
0.02133300000000027    200    1190    1
0.0004969999999993036    200    65440    2
0.02083599999999919    200    1240    1
0.020872000000000668    200    2060    2
0.0004609999999996006    200    1235    1
0.02133300000000027    200    1235    1
0.019913999999999987    200    690    2
0.0014190000000002811    200    1265    1
0.02133300000000027    200    1270    1
0.018955999999999307    200    23445    2
0.0023770000000009617    200    1385    1
0.021332999999998492    200    1445    1
0.017998000000000403    200    2090    2
0.003334999999999866    200    1235    1
0.02133300000000027    200    1200    1
0.017039999999999722    200    1150    2
0.004293000000000546    200    1265    1
0.02133300000000027    200    1320    1
0.01608199999999904    200    24645    2
0.005251000000001227    200    1285    1
0.02133300000000027    200    1380    1
0.015124000000000137    200    1125    2
0.006208999999998355    200    1385    1
0.02133300000000027    200    1345    1
0.014166000000001233    200    3715    2
0.007166999999999035    200    1395    1
0.02133300000000027    200    1330    1
0.013208000000000553    200    1035    2
0.008124999999999716    200    1245    1
0.02133300000000027    200    1270    1
0.012249999999999872    200    59100    2
0.009083000000000396    200    1485    1
0.021332999999998492    200    1165    1
0.011292000000000968    200    1815    2
0.0100409999999993    200    1195    1
0.02133300000000027    200    1245    1
0.010334000000000287    200    3970    2
0.010998999999999981    200    1225    1
0.02133300000000027    200    1290    1
0.009375999999999607    200    925    2
0.011957000000000662    200    1260    1
0.021332999999998492    200    1210    1
0.008418000000000703    200    71165    2
0.012914999999999566    200    1180    1
0.02133300000000027    200    1230    1
0.007460000000000022    200    1180    2
0.013873000000000246    200    1235    1
0.02133300000000027    200    1245    1
0.006501999999999342    200    3140    2
0.014831000000000927    200    1230    1
0.02133300000000027    200    1220    1
0.005543999999998661    200    1235    2
0.01578899999999983    200    1315    1
0.02133300000000027    200    1255    1
0.004585999999999757    200    46045    2
0.01674700000000051    200    1825    1
0.02133300000000027    200    1125    1
0.0036279999999990764    200    1105    2
0.017705000000001192    200    1185    1
0.02133300000000027    200    1195    1
0.0026700000000001722    200    2755    2
0.018663000000000096    200    1225    1
0.021332999999998492    200    1300    1
0.001712000000001268    200    995    2
0.019620999999999    200    1245    1
0.02133300000000027    200    1275    1
0.0007540000000005875    200    36340    2
0.02057899999999968    200    1965    1
0.021129000000000175    200    1155    2
0.000204000000000093    200    1135    1
0.02133300000000027    200    1125    1
0.020170999999999495    200    2220    2
0.0011619999999989972    200    1180    1
0.02133300000000027    200    1195    1
0.01921300000000059    200    1165    2
0.0021199999999996777    200    1200    1
0.02133300000000027    200    1265    1
0.01825499999999991    200    28855    2
0.0030780000000003582    200    1405    1
0.02133300000000027    200    1240    1
0.01729699999999923    200    870    2
0.004036000000001039    200    1180    1
0.021332999999998492    200    1165    1
0.016339000000000325    200    2310    2
0.004993999999999943    200    1190    1
0.02133300000000027    200    1200    1
0.015380999999999645    200    925    2
0.0059520000000006235    200    1230    1
0.02133300000000027    200    1250    1
0.014422999999998964    200    21870    2
0.006910000000001304    200    1235    1
0.021332999999998492    200    1245    1
0.01346500000000006    200    1560    2
0.007868000000000208    200    1325    1
0.02133300000000027    200    1385    1
0.012507000000001156    200    4640    2
0.008825999999999112    200    1355    1
0.02133300000000027    200    1320    1
0.011549000000000476    200    4000    2
0.009783999999999793    200    1360    1
0.02133300000000027    200    1315    1
0.010590999999999795    200    74385    2
0.010741999999998697    200    1270    1
0.02133300000000027    200    1255    1
0.00963300000000089    200    3030    2
0.011699999999999378    200    1195    1
0.02133300000000027    200    1235    1
0.00867500000000021    200    4455    2
0.012658000000000058    200    1190    1
0.02133300000000027    200    1155    1
0.00771699999999953    200    2690    2
